image: big_map_hr.pgm
resolution: 0.025000
origin: [-4.021011, -0.453230, 0.000000]
negate: 0
occupied_thresh: 0.65
free_thresh: 0.196

