image: map5.pgm
resolution: 0.025000
origin: [-2.373317, -0.587689, 0.000000]
negate: 0
occupied_thresh: 0.65
free_thresh: 0.196

