image: ring.pgm
resolution: 0.025000
origin: [-2.368345, -1.017835, 0.000000]
negate: 0
occupied_thresh: 0.65
free_thresh: 0.196

